vOTU	A12_reads_A12.fa	E1_reads_E1.fa	N10_reads_N10.fa	N13_reads_N13.fa	N28_reads_N28.fa	N30_reads_N30.fa	N47_reads_N47.fa	Z01_reads_Z01.fa
vOTU_1	281312	6	0	0	2	0	0	18
vOTU_2	18	0	0	0	0	2	0	216946
vOTU_4	20	0	0	0	0	66866	0	2
vOTU_5	2	2	0	0	0	44142	70	0
vOTU_7	38672	0	0	0	0	2	138	6
vOTU_8	4	0	0	4	0	37894	74	0
vOTU_11	48	2543508	252	12	18	50	86	66
vOTU_16	70580	2	0	0	0	0	0	6
vOTU_17	4	0	0	0	0	0	2	36982
vOTU_21	32954	2	0	0	0	0	2	4
vOTU_23	0	0	0	0	0	49488	0	0
vOTU_25	0	0	26880	0	0	0	0	0
vOTU_27	8	0	0	0	0	25714	0	0
vOTU_29	197366	0	4	0	0	0	2	20
vOTU_33	0	2	4	0	0	28996	510	0
vOTU_37	38	0	0	0	0	4	0	252124
vOTU_38	0	48758	36	0	0	844	486	2
vOTU_42	2	0	0	24772	0	2	2	0
vOTU_43	0	0	0	0	30908	0	0	2
vOTU_44	16830	0	0	0	0	0	70	0
vOTU_45	0	0	0	0	0	43428	0	0
vOTU_46	0	2	2	0	0	27818	2	0
vOTU_48	0	2	2	0	0	77486	0	2
vOTU_50	0	4	0	4	349252	2	2	6
vOTU_51	0	2	0	0	0	41112	0	0
vOTU_52	0	0	2	0	0	42774	0	0
vOTU_53	204	7313984	2224	124	52	114	190	414
vOTU_57	34	16	8	430166	6	8	14	2
vOTU_58	0	0	0	0	0	52618	0	0
vOTU_62	0	0	44	0	0	18374	0	0
vOTU_68	62852	0	0	0	0	0	2	12
vOTU_69	0	0	0	20828	0	0	0	0
vOTU_72	0	0	0	2	25746	0	0	0
vOTU_77	10	0	0	0	0	4	0	55102
vOTU_85	8	0	0	0	0	0	0	24244
vOTU_87	14	1705774	92	12	8	12	30	42
vOTU_89	0	0	0	0	0	29374	0	0
vOTU_90	14	4	2	299022	0	2	4	2
vOTU_94	46	0	0	0	43528	36	0	0
vOTU_96	0	50410	4	0	0	22	40	12
vOTU_101	10	0	2	2	0	23840	64	0
vOTU_111	14276	0	0	0	0	0	0	4
vOTU_115	138	0	2	12	39026	40	8	0
vOTU_116	0	0	0	16972	0	0	0	0
vOTU_124	22428	0	0	0	0	0	2	4
vOTU_141	0	0	0	0	18028	0	0	0
vOTU_146	0	0	0	0	19294	0	0	0
vOTU_148	0	4	2	2	0	58664	8	0
vOTU_149	0	0	2	0	0	28424	8	2
vOTU_153	0	0	0	0	0	29404	0	0
vOTU_159	0	0	2	0	0	9332	27	0
vOTU_160	0	0	0	46	0	14262	2	0
vOTU_171	4	0	0	0	9418	2	14	174
vOTU_178	0	2	0	0	0	10174	0	0
vOTU_183	0	0	14826	0	0	0	0	0
vOTU_185	0	0	14654	0	0	0	0	0
vOTU_193	0	0	0	0	0	13632	0	0
vOTU_201	2	0	2	0	0	0	0	42064
vOTU_205	5782	0	0	0	0	0	0	6
vOTU_208	10148	0	0	0	0	0	22	0
vOTU_210	16	0	2	62	83366	4	6	52
vOTU_211	2	0	0	0	0	2	0	28988
vOTU_212	0	0	0	0	0	10504	36	0
vOTU_214	2	0	0	0	0	0	0	25252
vOTU_225	25292	0	0	2	0	0	4	0
vOTU_227	10	490304	96	6	6	4	10	20
vOTU_228	2	44064	2	0	0	2	2	0
vOTU_238	8518	0	0	2	0	0	0	0
vOTU_245	98	0	12	0	63435	14	14	2
vOTU_251	0	0	0	6016	0	0	0	54
vOTU_256	0	0	0	0	0	16074	0	4
vOTU_260	20876	2	68	2	2	8	90	16
vOTU_270	0	0	0	0	0	0	0	11678
vOTU_271	98	0	46	0	60465	12	14	0
vOTU_272	0	0	0	0	0	9420	0	0
vOTU_273	0	0	0	0	0	9556	0	0
vOTU_274	8	442892	82	6	0	16	8	8
vOTU_276	0	0	0	0	0	9698	0	0
vOTU_286	78	0	72	22	59354	0	54	0
vOTU_313	0	0	0	0	0	0	0	14146
vOTU_315	0	41580	0	0	0	30	96	0
vOTU_317	2	34189	2	0	0	16	40	2
vOTU_335	0	51648	24	0	2	124	34	2
vOTU_343	0	0	0	14048	0	0	0	0
vOTU_347	0	0	2	0	0	25922	0	2
vOTU_350	0	0	0	13817	0	0	0	4
vOTU_357	0	51587	84	0	8	332	44	0
vOTU_364	0	24606	0	0	0	44	44	0
vOTU_395	14	412023	90	4	2	14	18	20
vOTU_415	0	23598	8	0	0	732	422	0
vOTU_417	5098	0	0	0	0	0	0	0
vOTU_418	14	0	0	0	2249	0	0	65526
vOTU_436	10554	0	2	0	0	0	0	0
vOTU_453	0	0	0	8462	0	4	2	0
vOTU_463	18	0	4	0	0	4	0	110074
vOTU_466	0	30646	0	0	0	0	6	0
vOTU_483	0	0	2	0	6146	40	8	2
vOTU_508	2	0	0	0	0	2	0	31262
vOTU_517	72	0	0	0	0	8066	58	0
vOTU_521	0	0	0	2	11852	0	0	0
vOTU_558	0	0	0	0	12910	0	0	0
vOTU_596	0	0	8922	0	0	0	670	0
vOTU_617	0	0	0	9088	0	0	0	0
vOTU_620	3266	0	0	0	0	0	26	0
vOTU_654	0	0	0	0	10	8066	76	0
vOTU_674	0	0	0	0	2972	0	0	0
vOTU_679	0	0	0	8	11838	0	0	0
vOTU_682	4	0	0	0	0	0	0	6976
vOTU_691	6044	0	0	12	0	20	12	2
vOTU_714	0	0	0	0	0	11220	0	0
vOTU_761	12	0	0	0	0	4028	546	0
vOTU_780	0	0	0	0	0	0	0	10392
vOTU_802	0	0	0	0	0	0	0	14620
vOTU_806	10	0	0	0	0	3856	2	0
vOTU_816	30	2	8	0	41681	24	37	0
vOTU_822	0	0	0	0	0	0	0	24220
vOTU_827	0	0	9984	0	0	0	12	0
vOTU_828	0	0	0	0	0	6786	0	0
vOTU_859	0	0	0	2	10218	0	0	0
vOTU_883	16	581744	60	8	4	6	22	20
vOTU_936	54	0	66	2	16828	76	10	0
vOTU_942	0	0	0	7562	0	0	0	0
vOTU_945	2	13179	0	0	0	32	8	0
vOTU_948	20	0	0	2	6028	0	8	200
vOTU_953	0	22296	8	0	0	58	4	2
vOTU_961	0	0	0	0	0	14334	0	0
vOTU_967	0	0	6904	0	0	0	20	0
vOTU_1074	0	33644	30	0	0	170	48	4
vOTU_1083	0	52998	64	2	2	744	4177	0
vOTU_1137	108	2460964	752	32	18	62	250	140
vOTU_1185	0	0	0	0	0	0	2584	0
vOTU_1197	26	0	0	16	3356	16	120	38
vOTU_1198	2	0	0	32	4324	0	0	0
vOTU_1216	0	0	7598	0	0	0	4	0
vOTU_1251	0	0	0	0	0	4234	0	0
vOTU_1259	0	0	6690	0	0	0	0	0
vOTU_1275	0	13424	16	0	0	10	70	0
vOTU_1280	4	0	0	0	0	0	0	17345
vOTU_1293	0	31097	14	0	0	124	22	0
vOTU_1301	8	2	0	0	0	3348	8	0
vOTU_1314	0	0	0	0	8598	0	0	0
vOTU_1323	0	0	0	0	8102	0	0	0
vOTU_1326	36	0	6	8	6306	22	10	0
vOTU_1333	6024	2	162	0	0	52	200	0
vOTU_1355	4	0	0	0	104	0	0	11862
vOTU_1372	0	0	0	0	0	0	0	13402
vOTU_1375	0	0	0	5854	0	4	6	2
vOTU_1377	0	0	0	0	0	4384	8	0
vOTU_1385	0	9028	4	0	0	84	182	0
vOTU_1404	136	0	0	4	14284	58	2	0
vOTU_1410	0	0	0	0	0	0	3418	0
vOTU_1416	0	0	0	0	0	0	0	7892
vOTU_1440	0	12920	10	0	0	390	204	0
vOTU_1465	0	2	0	52	0	4882	0	0
vOTU_1479	10	0	0	0	0	4	0	53221
vOTU_1485	0	0	5882	0	0	0	0	0
vOTU_1495	8	0	0	0	0	0	0	45700
vOTU_1497	20	0	20	0	0	11656	0	0
vOTU_1534	0	0	0	0	7646	0	0	0
vOTU_1588	0	0	0	0	0	4154	0	0
vOTU_1591	2	21538	2	0	0	4	20	0
vOTU_1622	4	0	0	0	0	2	0	12242
vOTU_1729	0	0	0	0	0	12226	0	0
vOTU_1744	0	0	0	0	4372	22	2	0
vOTU_1746	0	0	4	2	13634	0	0	2
vOTU_1759	44	0	0	4	2502	10	2	0
vOTU_1768	142	0	0	8	3822	2	16	80
vOTU_1775	0	0	7018	0	0	2	34	0
vOTU_1808	48	0	8	4	100	4728	6	0
vOTU_1837	0	0	0	0	0	6926	0	0
vOTU_1840	0	0	0	0	0	0	0	5916
vOTU_1847	0	147630	24	4	2	0	2	4
vOTU_1855	0	0	0	0	3610	0	0	0
vOTU_1884	6796	0	0	0	0	0	0	0
vOTU_1902	40	900124	218	14	4	16	46	50
vOTU_1928	0	0	0	0	0	3846	0	0
vOTU_1930	4	17638	2	0	0	12	14	0
vOTU_1938	0	10696	0	0	0	0	0	0
vOTU_1939	7608	0	668	2	0	474	16	2
vOTU_1976	0	0	2172	0	0	0	0	0
vOTU_2008	2	0	7508	0	0	12	56	0
vOTU_2055	0	0	0	0	3634	6	0	0
vOTU_2068	0	0	2	0	0	10514	0	0
vOTU_2098	2352	0	0	0	0	0	0	0
vOTU_2120	0	84992	10	2	0	8	154	2
vOTU_2123	0	0	5098	0	0	0	4	0
vOTU_2156	0	21812	4	0	0	200	178	2
vOTU_2174	4926	0	0	24	0	10	12	38
vOTU_2190	52	0	4	2	0	2	0	244108
vOTU_2198	0	2	0	0	0	2018	0	0
vOTU_2218	0	0	14241	0	0	32	0	0
vOTU_2263	16	0	58	104	3646	468	258	0
vOTU_2277	0	0	0	0	0	0	0	9060
vOTU_2310	88	0	204	8	0	10004	1048	0
vOTU_2314	46	0	0	2	2894	16	8	0
vOTU_2320	0	10727	0	0	0	28	6	2
vOTU_2348	0	11066	4	0	0	142	106	0
vOTU_2384	8	0	0	0	2310	0	0	0
vOTU_2388	0	0	0	0	0	0	0	7106
vOTU_2396	0	0	0	0	4994	0	0	0
vOTU_2429	542	0	0	0	0	2112	36	0
vOTU_2431	0	0	0	0	0	1862	0	0
vOTU_2435	0	0	6588	2	0	16	46	0
vOTU_2478	0	0	0	0	20	4212	18	0
vOTU_2508	2	0	2	2	24584	0	0	0
vOTU_2514	2	0	0	0	36	0	0	7962
vOTU_2543	0	2	0	0	5996	0	0	0
vOTU_2587	4184	0	0	0	0	0	2	0
vOTU_2593	0	1606	2	0	0	0	2	2908
vOTU_2600	3626	0	0	0	2	3926	96	6
vOTU_2619	2	0	0	0	0	0	0	4162
vOTU_2631	8464	0	44	0	4	12	18	2
vOTU_2658	0	0	0	0	0	0	2200	0
vOTU_2659	0	0	0	0	2578	0	0	0
vOTU_2660	0	5882	2	0	0	32	2	0
vOTU_2669	0	23818	4	0	0	66	14	0
vOTU_2675	1856	0	0	0	0	2	0	0
vOTU_2687	20	0	0	0	0	2494	252	0
vOTU_2729	2	0	0	0	0	2	0	4174
vOTU_2740	0	0	0	0	0	2	0	1636
vOTU_2746	8	0	0	0	0	9112	0	0
vOTU_2747	0	0	68	0	0	3430	1164	0
vOTU_2758	0	22329	10	0	0	106	16	0
vOTU_2759	8	0	2	0	2020	0	0	0
vOTU_2769	0	0	2686	0	0	0	0	0
vOTU_2778	4	0	0	0	194	0	0	5230
vOTU_2786	2	173161	34	0	0	4	4	8
vOTU_2807	0	14869	2	0	0	4	2	2
vOTU_2828	0	0	0	0	2478	0	0	2
vOTU_2841	0	0	36	0	0	3990	1506	0
vOTU_2867	0	0	32	0	0	3794	170	0
vOTU_2888	0	0	0	0	0	2128	12	0
vOTU_2894	838	0	0	2	8	3034	78	0
vOTU_2910	2	0	0	0	4620	0	0	0
vOTU_2919	0	0	0	0	0	3704	0	0
vOTU_2933	0	0	2814	0	0	0	0	0
vOTU_2972	0	0	0	0	4584	0	0	0
vOTU_2996	0	0	0	0	0	0	1520	0
vOTU_3003	0	3600	4	0	0	180	200	6
vOTU_3053	0	0	0	0	0	0	0	3248
vOTU_3073	12	0	0	22	21048	12	0	66
vOTU_3089	1628	0	0	2	102	48	0	2
vOTU_3107	58	0	4496	4	0	4	60	0
vOTU_3109	6656	0	770	0	0	556	12	2
vOTU_3115	0	9082	2	0	0	8	16	2260
vOTU_3125	4	0	2	0	0	2284	12	0
vOTU_3156	5372	0	532	6	0	398	6	0
vOTU_3163	0	0	0	0	0	2372	10	0
vOTU_3180	0	0	46	0	0	3456	150	0
vOTU_3228	0	0	3618	0	0	2	0	0
vOTU_3242	0	9890	0	0	0	20	12	34
vOTU_3305	0	0	0	0	0	0	0	1592
vOTU_3318	2	0	0	0	2680	16	2	0
vOTU_3326	0	0	0	0	4	1420	2	0
vOTU_3342	0	0	2	0	0	2852	8	0
vOTU_3368	0	33176	2	0	0	40	4	2
vOTU_3369	6020	0	680	8	0	490	12	0
vOTU_3389	0	0	0	16	0	3144	0	0
vOTU_3407	0	2310	0	0	0	0	0	0
vOTU_3412	0	0	0	0	0	1548	4	0
vOTU_3460	0	3972	4	0	0	38	82	0
vOTU_3465	0	0	0	4374	0	0	0	0
vOTU_3472	0	0	2878	0	0	0	0	0
vOTU_3499	2830	0	0	0	0	0	0	2
vOTU_3507	2	0	3104	0	0	2	40	0
vOTU_3531	0	0	42	0	0	2698	50	0
vOTU_3536	0	0	0	0	2098	0	0	0
vOTU_3541	2476	0	0	8	0	6	32	20
vOTU_3547	2046	0	0	0	0	0	8	0
vOTU_3549	0	0	0	0	1868	0	0	10
vOTU_3608	0	0	0	0	0	0	0	4290
vOTU_3635	1570	0	0	0	0	0	4	0
vOTU_3636	1146	0	0	0	0	0	0	2
vOTU_3651	0	0	0	1502	0	0	0	0
vOTU_3653	6	0	0	2	0	7870	0	0
vOTU_3666	40	0	78	0	21277	0	6	0
vOTU_3683	2684	0	0	0	0	28	8	0
vOTU_3694	0	7062	2	0	0	16	2	0
vOTU_3699	0	14966	4	0	0	2	8	2
vOTU_3702	14	0	4	0	0	2062	2	0
vOTU_3734	0	5746	0	2	0	6	2	2
vOTU_3739	0	16552	2	0	0	0	26	6
vOTU_3740	0	0	0	4452	0	0	0	4
vOTU_3780	0	0	0	0	0	1550	0	0
vOTU_3791	2	28285	4	0	0	44	64	0
vOTU_3794	0	0	0	0	4336	0	0	0
vOTU_3881	14	0	0	0	3826	12	0	0
vOTU_4007	0	0	0	1344	0	0	0	0
vOTU_4032	0	149054	38	2	2	4	8	0
vOTU_4057	4	0	20191	0	0	62	488	0
vOTU_4068	0	0	0	0	0	0	0	5772
vOTU_4105	0	0	0	0	0	1946	0	0
vOTU_4143	0	14660	2	0	0	0	0	0
vOTU_4154	2	17044	2	0	0	56	12	0
vOTU_4163	0	0	0	3554	0	2	0	0
vOTU_4187	0	0	3744	0	0	0	0	0
vOTU_4210	214	0	4	0	0	1886	39	0
vOTU_4211	0	0	0	0	0	0	0	2542
vOTU_4216	2	0	0	0	2440	12	0	0
vOTU_4224	0	0	2	0	0	2890	102	0
vOTU_4266	0	0	0	0	0	3496	0	0
vOTU_4271	0	14028	2	0	0	12	120	0
vOTU_4275	0	0	0	0	1556	0	0	0
vOTU_4277	2182	0	0	28	2	4	4	0
vOTU_4296	0	8242	4	0	0	14	98	0
vOTU_4305	0	0	0	0	1446	0	0	0
vOTU_4313	0	0	0	6	0	6872	0	0
vOTU_4324	0	32691	2	0	0	10	84	0
vOTU_4325	0	0	52	0	0	8	3960	0
vOTU_4376	0	0	0	0	0	0	1658	0
vOTU_4379	0	0	0	0	1582	0	0	2
vOTU_4393	0	18566	0	0	0	54	24	2
vOTU_4394	0	0	0	1444	0	4	0	0
vOTU_4419	0	0	0	0	0	1006	0	0
vOTU_4436	0	0	0	924	0	0	0	0
vOTU_4470	4	0	0	0	20170	0	0	8
vOTU_4472	0	0	0	0	0	0	2418	0
vOTU_4496	0	7134	0	0	2	2	52	0
vOTU_4540	1244	0	0	0	0	0	0	0
vOTU_4541	0	0	2610	0	0	0	2	0
vOTU_4559	0	0	0	0	0	0	1516	0
vOTU_4562	0	0	0	0	0	0	0	1048
vOTU_4569	5586	0	628	2	82	3110	716	0
vOTU_4604	0	0	10	0	0	1840	32	0
vOTU_4630	0	17298	2	0	0	40	28	0
vOTU_4682	0	0	1888	0	0	0	0	0
vOTU_4693	0	0	0	0	1746	0	0	0
vOTU_4705	0	0	0	0	0	1194	4	0
vOTU_4715	2266	0	0	0	0	0	0	0
vOTU_4732	0	0	0	0	0	0	0	1912
vOTU_4782	18	0	14	6	0	6292	48	0
vOTU_4790	4	0	252	0	0	3286	2400	4
vOTU_4827	6038	2	6	0	6	48	2	0
vOTU_4832	0	0	1686	0	0	8	8	0
vOTU_4857	20	0	3812	2	6	78	314	0
vOTU_4898	0	0	3342	0	0	14	2	0
vOTU_4905	0	0	10158	0	0	26	0	0
vOTU_4909	0	0	0	0	0	2	0	1106
vOTU_4974	0	0	2244	0	0	0	0	0
vOTU_4986	0	0	0	0	1290	0	0	0
vOTU_5032	0	0	0	0	1702	0	0	0
vOTU_5047	0	0	0	2274	0	0	0	4
vOTU_5138	0	14749	0	0	2	10	14	0
vOTU_5151	1510	0	2	0	0	2116	98	0
vOTU_5165	0	0	1438	0	0	0	0	0
vOTU_5167	0	0	0	0	1276	0	0	0
vOTU_5173	2	0	16	2	0	2536	82	0
vOTU_5213	0	0	0	8	1890	0	0	0
vOTU_5216	0	0	0	0	1214	0	0	0
vOTU_5234	0	0	0	0	0	0	0	4174
vOTU_5240	0	0	0	6	8	6076	2	0
vOTU_5251	0	0	0	0	0	1418	0	0
vOTU_5266	2	10036	2	0	0	18	58	0
vOTU_5268	0	15189	14	0	0	50	26	0
vOTU_5274	0	0	4	0	0	1990	8	0
vOTU_5282	0	0	0	0	3520	0	0	0
vOTU_5329	2	0	34	0	0	2580	86	0
vOTU_5335	0	0	0	1602	0	0	0	0
vOTU_5375	0	0	0	0	0	1158	6	0
vOTU_5380	0	0	0	0	0	1924	22	0
vOTU_5390	0	0	2080	0	0	0	2	0
vOTU_5399	0	0	1286	0	0	0	0	0
vOTU_5416	0	12786	0	0	0	10	4	0
vOTU_5450	6	0	0	0	0	5632	0	0
vOTU_5499	0	0	0	0	0	1604	0	0
vOTU_5501	1280	0	0	0	0	0	0	0
vOTU_5526	5374	0	570	4	0	484	12	0
vOTU_5531	1666	0	0	0	0	0	0	0
vOTU_5532	0	0	0	0	0	0	0	4188
vOTU_5537	0	0	16	0	0	2722	76	0
vOTU_5588	0	0	1524	0	0	0	2	0
vOTU_5593	16	511866	108	14	12	12	44	36
vOTU_5617	18	0	2	16	26	0	4	96106
vOTU_5621	0	0	0	0	0	1064	0	0
vOTU_5634	4	27988	2	0	0	144	222	2
vOTU_5643	0	5070	0	0	0	12	70	0
vOTU_5658	0	0	0	0	0	0	0	1300
vOTU_5672	0	0	0	0	0	0	0	1636
vOTU_5734	0	0	0	0	0	0	0	7014
vOTU_5753	1506	0	0	0	0	0	0	0
vOTU_5780	0	20716	6	0	0	0	10	0
vOTU_5824	0	0	18	0	0	2054	2	0
vOTU_5854	4636	0	0	38	28	2	14	2
vOTU_5856	0	0	0	0	3234	0	0	0
vOTU_5860	0	0	0	0	0	0	0	894
vOTU_5921	0	11164	0	0	0	8	0	0
vOTU_5933	1094	0	0	0	0	0	2	0
vOTU_5940	0	0	2850	0	0	0	234	0
vOTU_5941	0	0	0	0	1388	0	0	4
vOTU_5994	0	0	50	0	0	984	6	0
vOTU_6010	0	0	0	0	0	0	1094	0
vOTU_6011	0	0	0	0	0	0	4526	0
vOTU_6027	0	0	0	0	0	0	1134	0
vOTU_6042	0	25897	4	2	0	10	24	18
vOTU_6059	42	0	32	14	1500	50	2	0
vOTU_6075	0	0	0	2938	0	0	0	2
vOTU_6085	0	0	0	0	0	0	1260	0
vOTU_6097	0	0	14	0	12	812	14	0
vOTU_6106	0	14345	6	0	2	56	22	0
vOTU_6107	0	0	0	2980	0	0	0	0
vOTU_6119	0	30108	6	0	0	14	42	0
vOTU_6123	4844	0	610	12	30	416	12	0
vOTU_6148	0	0	18	0	0	4706	106	2
vOTU_6197	0	0	0	0	4	0	0	2432
vOTU_6211	0	0	0	0	4574	0	0	0
vOTU_6265	0	5741	0	0	0	22	18	0
vOTU_6271	0	0	3426	0	0	0	0	0
vOTU_6289	0	0	4	0	0	182	4050	0
vOTU_6315	934	0	0	0	0	0	2	0
vOTU_6339	952	0	0	0	0	0	0	0
vOTU_6354	0	0	0	0	0	0	0	7524
vOTU_6366	0	27821	6	0	0	36	34	4
vOTU_6391	0	6144	2	0	0	16	22	0
vOTU_6469	0	8688	0	0	0	22	84	0
vOTU_6498	0	16748	2	0	0	44	0	0
vOTU_6524	858	0	0	0	0	0	2	0
vOTU_6533	2	25821	6	0	0	4	12	2
vOTU_6560	0	1716	0	0	0	0	0	0
vOTU_6574	0	0	0	0	0	0	0	5586
vOTU_6612	0	0	0	0	1910	0	0	0
vOTU_6671	0	44343	8	2	0	2	4	0
vOTU_6713	0	0	0	0	0	0	1142	0
vOTU_6714	0	10730	6	0	0	6	178	0
vOTU_6725	0	0	0	0	0	0	0	3830
vOTU_6733	0	0	6	0	0	1340	60	0
vOTU_6773	66	0	12	4	0	1666	10	8
vOTU_6787	0	0	8986	0	0	22	36	0
vOTU_6793	1032	0	0	0	0	0	12	0
vOTU_6796	0	0	2894	0	0	0	310	0
vOTU_6836	2	0	0	0	0	0	0	3742
vOTU_6846	0	7084	2	0	0	0	8	2
vOTU_6857	0	0	0	13058	0	0	0	0
vOTU_6873	0	0	0	0	1784	0	0	0
vOTU_6898	2738	0	0	12	0	22	22	2
vOTU_6899	0	43292	2	0	0	0	0	0
vOTU_6914	0	8644	2	0	0	20	44	20
vOTU_6917	0	0	0	0	0	1692	22	0
vOTU_6919	0	0	7644	0	0	14	0	0
vOTU_6930	2464	0	34	0	0	44	48	2
vOTU_6934	0	0	0	0	0	0	0	2506
vOTU_6948	0	0	0	0	74	0	0	4642
vOTU_6963	0	0	0	0	0	0	0	988
vOTU_6970	0	0	8	0	0	0	1204	0
vOTU_6971	0	0	0	0	0	0	938	0
vOTU_6972	0	0	2	0	0	0	1226	0
vOTU_7069	0	0	0	0	1576	2	0	0
vOTU_7075	0	6190	8	0	0	344	188	0
vOTU_7117	0	0	2756	0	0	0	0	0
vOTU_7128	2	0	0	0	0	2	0	37326
vOTU_7134	0	0	0	3837	0	0	0	0
vOTU_7137	0	0	0	0	0	1072	0	0
vOTU_7151	2	0	0	0	0	0	0	21082
vOTU_7153	1770	0	0	0	0	0	0	2
vOTU_7160	0	0	0	0	0	0	0	5466
vOTU_7161	0	9068	0	0	0	0	0	2
vOTU_7163	0	0	58	0	0	830	22	0
vOTU_7167	1046	0	0	0	0	0	0	0
vOTU_7171	0	0	0	0	0	0	0	1754
vOTU_7184	0	9592	0	0	0	4	2	0
vOTU_7221	0	0	1228	0	0	0	0	0
vOTU_7231	2	0	2	0	1554	0	0	0
vOTU_7234	0	0	1370	0	0	0	0	0
vOTU_7235	2112	0	0	0	0	0	0	0
vOTU_7248	2	0	2	0	0	1652	20	0
vOTU_7304	0	43904	4	0	0	0	0	0
vOTU_7311	0	0	8014	0	0	4	0	0
vOTU_7316	0	44266	0	0	0	26	0	2
vOTU_7339	0	10498	2	0	0	30	30	2
vOTU_7346	4	0	2710	0	0	4	32	0
vOTU_7356	0	0	0	0	0	0	944	0
vOTU_7375	8	0	36	58	2228	318	210	0
vOTU_7383	0	1304	4	0	0	0	0	0
vOTU_7423	0	0	1312	0	0	0	0	0
vOTU_7425	0	106440	26	2	0	10	0	6
vOTU_7440	0	0	0	0	0	0	0	1352
vOTU_7442	1280	0	52	0	0	8	10	0
vOTU_7500	0	8330	0	0	0	4	38	30
vOTU_7502	40	0	4	0	0	1420	0	0
vOTU_7513	0	1220	0	0	0	0	0	0
vOTU_7516	0	0	0	0	0	896	0	0
vOTU_7532	2838	0	0	128	0	24	8	8
vOTU_7578	0	4920	0	0	0	2	30	0
vOTU_7587	3488	0	480	0	0	2396	556	0
vOTU_7596	2018	0	0	20	2	6	2	2
vOTU_7609	0	0	0	0	0	778	0	0
vOTU_7619	0	0	0	0	0	0	0	3684
vOTU_7624	4308	0	516	0	6	2570	624	0
vOTU_7661	0	0	0	2	842	0	0	0
vOTU_7698	0	7675	0	0	0	6	146	0
vOTU_7702	0	0	0	0	0	0	982	0
vOTU_7705	0	0	2	0	0	4	1468	0
vOTU_7715	780	0	0	2	0	1916	70	0
vOTU_7747	0	0	0	0	0	790	0	0
vOTU_7754	0	0	0	0	3362	0	0	0
vOTU_7770	1848	0	0	0	0	0	0	0
vOTU_7777	0	89992	18	0	0	0	2	10
vOTU_7797	0	0	0	0	0	0	1372	0
vOTU_7817	1202	0	20	0	0	464	0	0
vOTU_7831	1476	0	4	0	0	6	10	20
vOTU_7849	0	0	0	0	1644	0	0	0
vOTU_7865	2360	0	0	0	0	8	0	0
vOTU_7874	3690	0	428	0	0	438	4	0
vOTU_7891	0	0	0	0	0	2	1826	0
vOTU_7913	0	0	0	0	2754	2	0	2
vOTU_7928	0	0	6	0	0	1872	30	0
vOTU_7929	0	12	0	0	0	0	0	4622
vOTU_7986	0	900	0	0	0	2	6	0
vOTU_7998	1292	0	0	0	0	0	0	0
vOTU_8013	0	0	0	0	0	0	950	0
vOTU_8050	0	8812	0	0	0	8	0	0
vOTU_8070	0	0	0	0	0	0	0	3736
vOTU_8122	0	0	0	0	0	166	1410	0
vOTU_8123	0	0	0	0	800	0	0	0
vOTU_8133	0	0	9080	0	0	4	136	0
vOTU_8137	0	0	0	0	0	0	0	4730
vOTU_8142	1764	0	0	0	0	0	0	0
vOTU_8151	0	0	0	0	0	0	1008	0
vOTU_8183	0	0	0	0	0	0	964	0
vOTU_8206	0	0	0	0	0	654	0	0
vOTU_8225	2	0	0	0	908	0	0	6
vOTU_8253	0	0	0	6	0	786	0	0
vOTU_8267	0	0	28	0	0	0	2990	0
vOTU_8320	0	0	1300	0	0	0	0	0
vOTU_8335	0	0	0	0	1170	0	0	0
vOTU_8341	4	0	2	0	0	2360	2272	2
vOTU_8351	1654	0	0	0	0	0	0	0
vOTU_8389	0	5650	0	0	0	0	0	0
vOTU_8402	0	0	0	16	0	666	0	0
vOTU_8409	0	0	0	0	0	782	0	0
vOTU_8434	0	13068	0	0	0	50	64	0
vOTU_8442	6	0	2	0	0	2	0	84264
vOTU_8443	2	0	0	0	0	0	0	3162
vOTU_8473	0	0	2298	0	0	0	0	0
vOTU_8474	0	7785	0	2	0	0	0	0
vOTU_8483	0	0	0	0	0	712	0	0
vOTU_8553	2	0	0	0	0	1064	0	0
vOTU_8575	6	0	0	1260	2	0	0	2
vOTU_8608	0	9591	4	0	0	14	30	0
vOTU_8624	0	0	0	8	2904	0	2	0
vOTU_8635	0	0	0	0	0	1094	0	0
vOTU_8646	0	0	1400	0	0	0	0	0
vOTU_8647	0	0	6845	0	0	8	0	0
vOTU_8648	0	0	2932	0	0	0	18	0
vOTU_8663	0	0	1696	0	0	0	0	0
vOTU_8674	2	0	0	0	0	0	0	1220
vOTU_8718	0	14004	2	0	0	62	76	0
vOTU_8735	838	0	0	0	0	0	0	0
vOTU_8753	1786	0	2	0	0	6	14	4
vOTU_8763	192	0	0	0	0	812	0	0
vOTU_8811	0	3544	0	0	0	0	0	0
vOTU_8847	74	0	196	10	28	1250	166	0
vOTU_8893	130	0	2	2	0	1142	22	2
vOTU_8905	0	0	0	0	1364	0	0	0
vOTU_8907	0	0	0	0	0	0	1160	0
vOTU_8936	0	2822	0	0	0	4	0	0
vOTU_8942	2	0	0	1892	0	0	0	0
vOTU_8980	1176	0	0	0	0	26	6	0
vOTU_8988	0	0	6	64	4052	0	0	0
vOTU_9030	2	0	1966	0	0	14	18	0
vOTU_9036	0	0	0	0	0	648	0	0
vOTU_9050	0	0	0	0	0	652	0	0
vOTU_9086	0	11222	0	0	0	6	18	0
vOTU_9135	0	0	0	0	0	706	0	0
vOTU_9167	0	0	0	0	0	0	0	5404
vOTU_9177	5036	0	0	0	0	0	116	0
vOTU_9182	6	73698	12	0	0	12	26	4
vOTU_9183	4032	0	0	26	12	0	8	2
vOTU_9196	3454	0	352	0	0	236	8	0
vOTU_9201	0	0	0	2	1326	0	0	18
vOTU_9237	6	0	0	0	1154	20	0	0
vOTU_9241	0	0	0	0	0	2	0	5778
vOTU_9249	0	0	0	1378	0	154	0	0
vOTU_9293	0	0	0	0	0	1126	0	0
vOTU_9302	0	0	0	0	0	0	0	3252
vOTU_9311	0	16119	0	0	0	6	8	0
vOTU_9322	0	0	0	2468	0	0	0	0
vOTU_9359	0	0	0	0	0	0	0	786
vOTU_9426	0	0	0	0	0	0	6290	0
vOTU_9532	0	0	0	0	0	0	0	3468
vOTU_9553	0	0	0	0	1366	0	0	0
vOTU_9603	0	0	2	0	0	4	0	7478
vOTU_9610	0	0	0	0	1358	0	0	0
vOTU_9613	0	0	0	0	0	1402	8	0
vOTU_9652	0	0	2	0	0	0	1266	0
vOTU_9653	0	12148	6	0	0	14	18	4
vOTU_9656	0	0	0	0	0	0	938	0
vOTU_9657	28	0	0	0	10812	0	0	0
vOTU_9673	0	0	0	0	0	0	0	706
vOTU_9681	0	0	0	0	0	836	0	0
vOTU_9713	0	0	0	0	0	3016	0	0
vOTU_9764	2080	0	0	0	0	0	0	0
vOTU_9797	2	0	0	0	0	0	0	9154
vOTU_9878	0	0	1882	0	0	0	170	0
vOTU_9887	0	0	2228	0	0	10	18	0
vOTU_9915	0	0	0	0	0	0	966	0
vOTU_9974	0	0	0	0	0	30	1318	0
vOTU_9987	3620	0	220	0	0	1430	342	0
vOTU_9992	2	187958	26	2	0	0	6	8
vOTU_9993	0	0	798	0	0	0	0	0
vOTU_9995	0	0	0	0	0	0	4	666
vOTU_10003	0	0	0	0	994	0	0	2
vOTU_10026	0	0	0	0	778	0	2	0
vOTU_10041	0	0	0	0	1196	0	0	0
vOTU_10072	0	0	1282	0	0	0	0	0
vOTU_10099	106	0	0	0	0	864	0	0
vOTU_10129	2668	0	0	0	0	0	0	0
vOTU_10132	0	11278	0	0	0	106	50	0
vOTU_10151	28	0	0	4	2	1292	2	0
vOTU_10162	772	0	0	0	0	0	0	0
vOTU_10183	0	0	0	0	0	560	0	0
vOTU_10191	2	0	2928	0	0	10	134	0
vOTU_10223	1724	0	0	0	0	0	0	0
vOTU_10241	0	0	732	0	0	0	0	0
vOTU_10243	0	0	0	0	778	0	0	0
vOTU_10246	0	15417	2	0	0	22	46	4
vOTU_10277	0	0	1504	0	0	0	0	0
vOTU_10278	22	0	0	4	22	2498	4	0
vOTU_10289	0	0	2810	0	0	8	202	0
vOTU_10349	848	0	0	0	0	0	0	2
vOTU_10354	682	0	0	0	0	0	0	0
vOTU_10392	112	0	0	0	0	1094	198	0
vOTU_10397	0	0	0	0	1702	0	0	2
vOTU_10408	0	0	0	0	0	0	862	0
vOTU_10440	0	0	0	0	0	1142	0	0
vOTU_10446	3246	0	354	0	0	294	8	0
vOTU_10466	0	0	0	0	866	0	0	0
vOTU_10473	1144	0	2	0	0	0	2	0
vOTU_10519	2	0	60	0	0	5150	578	0
vOTU_10541	0	0	2	2	0	884	2	0
vOTU_10555	0	0	0	0	0	0	1024	0
vOTU_10559	0	0	0	0	0	0	0	706
vOTU_10575	0	0	2300	0	0	0	12	0
vOTU_10578	0	3390	0	0	0	10	34	0
vOTU_10665	0	0	0	0	0	1878	0	2
vOTU_10676	2	0	0	0	0	1006	14	0
vOTU_10700	1896	0	0	16	28	22	2	0
vOTU_10746	0	2666	0	0	0	0	0	0
vOTU_10750	0	0	0	1754	0	0	0	0
vOTU_10778	4	0	2	0	0	794	36	0
vOTU_10791	0	0	0	0	0	0	804	0
vOTU_10798	0	0	0	0	816	0	2	2
vOTU_10828	1448	0	0	14	4	14	0	0
vOTU_10842	4	0	1070	0	0	218	38	0
vOTU_10847	0	0	0	0	0	0	0	6895
vOTU_10852	0	0	0	548	0	0	0	0
vOTU_10871	0	0	0	0	1134	0	0	14
vOTU_10874	0	0	0	0	0	0	958	0
vOTU_10919	0	0	0	0	0	0	0	628
vOTU_10951	746	0	0	0	0	0	0	0
vOTU_10960	0	0	0	0	0	2152	0	0
vOTU_10961	0	3024	4	0	0	8	8	0
vOTU_10976	0	2908	0	0	0	8	24	16
vOTU_10998	0	0	0	0	682	0	0	0
vOTU_11019	0	0	0	0	0	986	0	0
vOTU_11024	0	6391	2	0	0	8	26	0
vOTU_11047	2	444	0	0	0	98	16	5664
vOTU_11088	3368	0	0	48	124	0	24	4
vOTU_11097	0	0	0	0	0	0	832	0
vOTU_11152	0	0	0	0	0	4	0	3894
vOTU_11173	0	0	0	0	0	614	0	0
vOTU_11202	718	0	0	0	0	0	0	0
vOTU_11216	0	0	0	0	0	0	0	1902
vOTU_11228	0	0	0	0	0	0	0	1994
vOTU_11245	0	0	0	0	0	620	0	2
vOTU_11261	0	0	260	0	0	14	1288	0
vOTU_11264	0	0	0	1924	0	0	0	6
vOTU_11279	0	0	0	0	0	680	0	0
vOTU_11285	0	0	0	0	1166	0	0	0
vOTU_11287	0	0	0	0	0	1034	0	0
vOTU_11288	0	0	138	0	0	1892	370	0
vOTU_11299	3526	0	476	8	34	2120	534	0
vOTU_11309	0	4521	0	0	0	0	12	0
vOTU_11312	0	0	0	2	1256	0	0	2
vOTU_11337	0	0	0	0	1996	0	0	0
vOTU_11355	0	1238	0	0	0	0	0	0
vOTU_11360	0	0	2	0	0	876	0	0
vOTU_11367	0	0	0	0	0	0	930	0
vOTU_11377	3204	0	442	6	62	2182	468	2
vOTU_11394	0	0	0	0	0	0	0	2802
vOTU_11425	2274	0	0	0	2	4	0	2
vOTU_11471	0	0	812	0	0	0	0	0
vOTU_11475	0	0	1824	0	0	2	64	0
vOTU_11477	0	0	0	0	1052	0	0	2
vOTU_11479	0	0	5109	0	0	0	16	0
vOTU_11492	0	5216	0	0	0	0	12	0
vOTU_11494	0	0	0	614	0	0	0	0
vOTU_11514	0	0	0	0	1082	0	0	0
vOTU_11519	2	0	0	44	542	0	0	6
vOTU_11550	0	6374	2	0	0	0	8	0
vOTU_11563	0	0	0	2	0	0	2	602
vOTU_11575	0	3430	0	0	0	4	18	0
vOTU_11584	1450	0	0	0	0	0	0	2
vOTU_11595	0	0	0	0	0	768	0	0
vOTU_11602	0	0	0	0	0	0	0	658
vOTU_11621	3398	2	342	0	0	1838	350	0
vOTU_11624	0	4000	0	0	0	6	22	0
vOTU_11693	0	0	0	0	0	0	0	628
vOTU_11713	0	0	14	0	0	0	808	0
vOTU_11714	4	14096	8	10	8	132	200	8
vOTU_11742	0	0	0	4	0	0	0	808
vOTU_11746	2	4	6	0	0	8910	4	0
vOTU_11767	50	0	4330	2	0	572	3152	0
vOTU_11785	0	0	0	0	1228	0	0	6
vOTU_11824	2	0	0	0	1018	6	0	0
vOTU_11889	6	0	3530	0	0	594	96	0
vOTU_11932	0	0	0	0	0	0	848	0
vOTU_11953	2	0	0	0	0	0	0	3570
vOTU_12083	0	0	1282	0	0	0	0	0
vOTU_12090	0	0	0	0	0	0	556	0
vOTU_12111	0	0	2128	0	0	0	16	0
vOTU_12116	0	0	1238	0	0	74	36	0
vOTU_12130	0	4950	0	0	0	8	20	0
vOTU_12137	0	0	0	0	0	0	0	4082
vOTU_12186	2	0	6	0	0	602	6	0
vOTU_12199	0	14650	0	0	0	0	18	0
vOTU_12208	0	0	0	754	0	0	0	0
vOTU_12214	0	0	0	888	0	2	0	0
vOTU_12219	0	0	0	2838	0	328	0	0
vOTU_12248	0	10289	0	0	0	22	0	0
vOTU_12252	0	0	0	0	0	0	1108	0
vOTU_12267	0	0	0	1028	0	0	0	42
vOTU_12317	0	10970	4	0	0	108	58	0
vOTU_12320	0	0	0	0	584	0	0	0
vOTU_12330	2	0	0	0	0	12	876	0
vOTU_12339	0	4224	0	0	0	0	8	0
vOTU_12354	14	0	0	0	0	1146	2	0
vOTU_12367	0	2366	0	0	0	18	38	0
vOTU_12378	0	0	0	0	0	0	0	1408
vOTU_12384	0	9470	2	0	0	54	12	0
vOTU_12394	0	0	0	0	916	0	0	0
vOTU_12421	4528	0	0	0	0	0	6	0
vOTU_12441	0	0	0	0	0	798	0	0
vOTU_12468	0	0	0	0	0	0	0	674
vOTU_12471	0	1478	0	0	0	0	32	0
vOTU_12488	0	0	1382	0	0	0	776	0
vOTU_12514	0	0	0	0	3040	0	0	0
vOTU_12532	0	0	0	2	816	0	0	0
vOTU_12540	0	0	0	0	1420	0	0	0
vOTU_12569	1132	0	0	0	0	0	28	0
vOTU_12583	0	0	0	0	0	0	0	2433
vOTU_12665	0	0	0	0	0	0	0	2446
vOTU_12669	0	0	0	0	0	0	0	1884
vOTU_12682	0	0	0	0	886	0	0	0
vOTU_12692	0	0	0	0	3442	0	0	0
vOTU_12696	2	23192	6	0	2	4	20	2
vOTU_12700	0	0	0	0	0	632	0	0
vOTU_12745	0	0	0	0	0	0	878	0
vOTU_12747	2478	0	0	0	0	0	2	2
vOTU_12755	0	0	0	0	818	0	0	0
vOTU_12764	0	0	0	0	0	0	4846	0
vOTU_12774	0	4712	0	0	0	0	12	0
vOTU_12776	8	0	0	0	886	0	0	28
vOTU_12778	0	19626	4	0	0	8	94	494
vOTU_12804	0	0	0	0	0	0	944	0
vOTU_12832	0	0	786	0	0	0	0	0
vOTU_12864	0	4252	4	0	0	28	74	0
vOTU_12889	0	0	0	2	744	0	0	0
vOTU_12908	0	0	1832	0	0	0	0	0
vOTU_12954	0	0	0	0	984	0	0	0
vOTU_12958	592	0	0	0	0	0	0	0
vOTU_12970	2	10050	0	0	0	278	176	0
vOTU_12979	0	0	0	0	0	0	0	2670
vOTU_13048	0	0	0	0	0	0	4026	0
vOTU_13065	0	0	0	0	0	0	0	790
vOTU_13080	2	0	0	0	0	0	0	5515
vOTU_13114	0	0	0	1848	0	0	0	0
vOTU_13121	2	0	2	0	0	494	68	0
vOTU_13131	4	0	0	0	584	0	0	10
vOTU_13138	0	0	0	0	0	896	0	0
vOTU_13159	980	0	6	24	0	8	14	2
vOTU_13162	0	0	0	0	3808	0	0	0
vOTU_13169	0	2840	0	0	0	10	26	0
vOTU_13178	0	0	0	0	0	768	0	0
vOTU_13185	0	11854	0	0	0	20	12	6
vOTU_13189	0	0	0	0	1122	0	0	0
vOTU_13200	16	0	28	8	3442	32	16	2
vOTU_13207	0	0	0	860	0	2	0	0
vOTU_13234	0	0	0	0	0	0	652	0
vOTU_13243	0	0	0	0	110	0	0	2366
vOTU_13291	0	17688	14	0	0	246	950	0
vOTU_13296	0	0	0	0	0	0	0	3894
vOTU_13297	0	0	0	0	0	0	0	1292
vOTU_13320	0	0	0	0	0	0	928	0
vOTU_13347	6	0	8	0	3708	12	2	38
vOTU_13458	0	0	0	0	1218	0	0	0
vOTU_13481	0	1458	0	0	0	2	10	0
vOTU_13510	0	0	0	0	2172	0	0	2
vOTU_13512	0	1028	0	0	0	0	0	2
vOTU_13517	0	0	0	0	0	1586	2218	0
vOTU_13570	0	0	2994	0	0	14	120	0
vOTU_13600	688	0	0	0	0	0	2	0
vOTU_13601	0	4595	0	0	0	8	20	0
vOTU_13604	0	0	10	0	0	0	766	0
vOTU_13667	34	0	26	4	3884	10	4	36
vOTU_13668	0	0	1728	0	0	0	0	0
vOTU_13680	0	2600	0	0	0	4	16	2
vOTU_13693	0	0	0	0	0	0	614	0
vOTU_13758	0	0	1806	0	0	4	94	0
vOTU_13782	0	0	0	0	1426	0	0	0
vOTU_13802	0	8452	2	0	0	66	62	0
vOTU_13813	560	0	0	0	0	0	0	0
vOTU_13821	0	0	0	0	776	0	0	0
vOTU_13828	0	0	0	0	410	0	0	0
vOTU_13832	1194	0	0	8	2	6	10	0
vOTU_13844	0	12396	2	0	0	54	138	128
vOTU_13881	6	0	0	0	0	1294	46	0
vOTU_13882	0	0	10	0	0	2	2178	0
vOTU_13925	0	0	796	0	0	0	0	0
vOTU_13983	2	0	1762	0	0	6	0	0
vOTU_14041	644	0	0	0	0	0	2	0
vOTU_14042	0	0	1008	0	0	0	0	0
vOTU_14061	0	12240	2	0	0	26	0	2
vOTU_14069	0	0	0	0	726	44	0	0
vOTU_14078	2	0	0	0	888	0	0	0
vOTU_14092	0	3546	0	0	0	6	6	0
vOTU_14104	0	0	0	0	0	0	634	0
vOTU_14108	0	0	0	0	0	540	0	0
vOTU_14114	0	0	0	0	0	0	574	0
vOTU_14119	0	4955	0	0	0	0	0	0
vOTU_14125	0	0	1118	0	0	2	6	0
vOTU_14133	0	0	0	0	0	3310	0	0
vOTU_14169	0	1196	0	0	0	4	2	0
vOTU_14245	0	11116	0	0	0	18	2	0
vOTU_14252	598	0	0	0	0	0	0	0
vOTU_14258	0	0	0	0	0	924	2	0
vOTU_14263	0	0	754	0	0	0	100	0
vOTU_14295	0	0	2196	0	0	0	8	0
vOTU_14302	0	0	0	40	0	1880	8	0
vOTU_14314	482	0	0	0	0	0	0	0
vOTU_14328	776	0	0	0	0	84	0	0
vOTU_14361	1442	0	0	8	4	26	6	4
vOTU_14374	0	0	0	0	0	442	0	0
vOTU_14387	0	0	0	0	3692	0	0	0
vOTU_14391	0	0	0	24	1016	0	0	0
vOTU_14393	0	0	0	0	0	0	0	678
vOTU_14394	0	0	0	0	0	0	0	1768
vOTU_14395	930	0	12	0	0	0	2	0
vOTU_14402	2	68764	4	0	0	4	0	2
vOTU_14405	0	0	8	0	0	1316	2	0
vOTU_14406	0	0	0	0	0	614	0	0
vOTU_14408	2	0	0	2	4	0	0	4088
vOTU_14411	0	0	3616	0	0	18	54	0
vOTU_14505	52	0	0	0	0	634	0	0
vOTU_14535	0	0	0	0	0	982	0	0
vOTU_14582	0	0	0	0	1064	0	0	8
vOTU_14585	650	0	0	0	0	2	0	0
vOTU_14590	0	0	0	730	0	0	0	0
vOTU_14624	0	4472	0	0	0	10	0	22
vOTU_14634	0	0	0	0	1186	0	0	0
vOTU_14644	0	0	0	0	622	0	0	0
vOTU_14667	622	0	0	0	0	0	0	0
vOTU_14680	1330	0	0	0	0	2	2	0
vOTU_14681	0	0	0	0	1174	0	0	0
vOTU_14684	0	1492	0	0	0	0	2	0
vOTU_14692	0	0	2	0	0	0	878	0
vOTU_14710	0	0	0	0	6	530	16	0
vOTU_14731	0	0	0	0	0	0	0	684
vOTU_14752	0	856	0	0	0	0	2	0
vOTU_14756	0	0	2	0	0	0	0	3378
vOTU_14761	0	0	0	0	0	782	0	0
vOTU_14770	0	0	0	0	604	2	0	0
vOTU_14773	0	0	0	874	0	0	0	0
vOTU_14779	0	0	0	708	0	0	0	0
vOTU_14792	6	0	0	0	0	1096	0	0
vOTU_14801	0	0	700	0	0	8	0	0
vOTU_14817	0	7399	4	0	0	2	30	0
vOTU_14823	0	0	0	0	4526	0	0	32
vOTU_14853	0	0	1341	0	0	0	0	0
vOTU_14861	0	0	0	0	0	528	0	0
vOTU_14877	0	0	0	0	0	0	702	0
vOTU_14915	0	0	0	0	0	0	726	0
vOTU_14940	0	0	0	0	0	0	640	0
vOTU_14942	0	0	0	0	0	0	0	444
vOTU_14951	0	0	0	0	1090	0	0	0
vOTU_14973	0	0	0	0	1022	0	0	10
vOTU_14991	598	0	0	0	0	0	0	0
vOTU_14994	2818	2	350	0	0	1988	416	0
vOTU_14999	0	0	0	0	0	0	680	0
vOTU_15002	0	0	0	0	0	0	606	0
vOTU_15019	0	0	0	0	0	8792	14	0
vOTU_15026	4	0	0	0	756	0	0	4
vOTU_15027	0	0	0	0	686	0	0	0
vOTU_15040	0	4166	0	0	0	0	26	0
vOTU_15071	0	0	0	0	0	0	0	3378
vOTU_15078	2	0	0	742	0	0	0	0
vOTU_15107	0	2104	0	0	0	6	22	0
vOTU_15120	0	0	0	0	0	568	0	0
vOTU_15159	2	0	0	0	966	0	2	0
vOTU_15165	0	6910	0	0	0	0	20	0
vOTU_15199	0	0	130	0	0	608	170	0
vOTU_15207	0	0	0	0	3922	0	0	0
vOTU_15222	0	0	0	0	714	0	0	0
vOTU_15228	0	0	0	0	0	8428	48	0
vOTU_15234	0	0	0	4	3248	0	0	0
vOTU_15263	6	0	0	0	748	0	0	0
vOTU_15283	38	0	0	0	0	1896	0	0
vOTU_15289	0	0	0	468	0	0	0	0
vOTU_15294	0	0	0	0	0	482	875	0
vOTU_15300	12	0	0	0	0	572	0	0
vOTU_15308	0	0	0	0	0	0	702	0
vOTU_15322	0	14998	4	0	0	64	160	2
vOTU_15340	644	0	0	0	0	0	0	0
vOTU_15344	24	0	4	40	2	1206	276	6
vOTU_15353	0	0	0	0	0	724	0	0
vOTU_15362	0	0	0	0	0	532	226	0
vOTU_15366	0	0	1236	0	0	0	0	0
vOTU_15396	508	0	0	0	0	0	0	0
vOTU_15438	0	0	0	0	0	0	626	0
vOTU_15440	0	0	2	0	0	2	1988	0
vOTU_15463	0	0	0	0	768	0	0	0
vOTU_15474	0	0	10	0	0	1338	24	0
vOTU_15480	568	0	0	0	0	0	0	0
vOTU_15481	0	0	1270	0	0	0	0	0
vOTU_15510	0	12316	4	0	0	8	28	24
vOTU_15533	24	0	16	0	0	2176	416	0
vOTU_15551	280	0	14	38	990	268	110	0
vOTU_15576	0	0	0	906	0	0	0	0
vOTU_15593	8	0	0	0	720	0	0	0
vOTU_15625	0	0	0	0	0	516	0	0
vOTU_15664	772	0	0	0	0	2	0	0
vOTU_15672	468	0	0	0	0	0	2	0
vOTU_15702	0	0	0	556	0	4	0	0
vOTU_15714	0	0	0	0	1390	12	0	0
vOTU_15718	0	0	0	0	1026	0	0	0
vOTU_15736	0	3294	0	0	0	2	8	0
vOTU_15759	518	0	0	0	0	0	0	0
vOTU_15794	0	0	0	0	1359	0	0	0
vOTU_15831	0	0	0	0	0	626	4	0
vOTU_15909	0	0	2	0	0	914	14	0
vOTU_15910	0	0	4	0	0	1180	578	0
vOTU_15915	0	0	0	0	0	658	0	0
vOTU_15920	2	16072	0	2	0	14	42	84
vOTU_15949	0	0	668	0	0	0	70	0
vOTU_15964	0	4116	0	0	0	4	2	8
vOTU_15972	0	0	986	0	0	0	0	0
vOTU_15983	0	0	2	0	0	94	2283	0
vOTU_15998	0	0	0	0	0	0	0	2638
vOTU_16061	0	0	0	0	0	744	0	0
vOTU_16072	0	0	1806	0	0	0	0	0
vOTU_16075	0	0	0	0	698	0	0	0
vOTU_16077	0	6778	2	0	2	6	2	0
vOTU_16111	0	0	0	0	1124	0	0	0
vOTU_16147	0	6198	0	0	0	4	10	0
vOTU_16175	0	0	0	0	0	590	0	0
vOTU_16189	0	0	0	0	3776	2	0	0
vOTU_16194	0	0	0	0	0	414	0	0
vOTU_16201	2204	0	194	0	0	164	4	0
vOTU_16205	0	0	0	0	1098	0	0	0
vOTU_16216	0	0	0	486	0	0	0	0
vOTU_16262	2878	0	346	0	0	274	12	0
vOTU_16263	2	0	2	814	2	0	0	0
vOTU_16267	0	0	0	0	0	626	10	0
vOTU_16298	0	0	0	0	0	532	0	0
vOTU_16319	0	2452	0	0	0	0	0	0
vOTU_16344	0	0	44	0	0	832	30	0
vOTU_16353	0	0	0	0	784	0	0	0
vOTU_16355	2392	0	236	0	0	176	4	0
vOTU_16469	0	0	0	0	0	464	28	0
vOTU_16489	0	1674	2	0	0	0	6	0
vOTU_16520	0	17079	4	0	0	0	50	86
vOTU_16531	0	0	0	0	0	582	0	0
vOTU_16536	0	7646	0	0	0	4	164	2
vOTU_16555	0	6450	2	0	0	0	16	2
vOTU_16581	0	0	0	0	674	0	0	0
vOTU_16585	4	0	0	0	1118	6	0	0
vOTU_16603	0	17382	0	0	2	0	126	0
vOTU_16604	0	790	2	0	0	188	142	8
vOTU_16615	0	0	0	460	0	0	0	0
vOTU_16618	632	0	0	0	0	0	0	0
vOTU_16627	0	0	2	0	0	618	2	0
vOTU_16632	0	0	0	0	3590	0	0	0
vOTU_16649	0	0	0	0	0	516	0	0
vOTU_16653	0	0	530	0	0	0	4	0
vOTU_16671	0	0	0	0	0	92	600	0
vOTU_16675	0	0	0	484	0	0	0	0
vOTU_16695	0	0	1622	0	0	0	0	0
vOTU_16708	0	0	2	0	0	0	1032	0
vOTU_16741	0	14176	26	0	0	222	724	0
vOTU_16758	0	0	0	0	0	0	668	0
vOTU_16798	0	0	28	4	46	1876	218	0
vOTU_16803	0	5462	0	0	0	0	2	0
vOTU_16809	0	9112	4	0	0	4	6	0
vOTU_16825	0	1284	0	0	0	0	0	0
vOTU_16845	0	0	0	0	0	0	0	3574
vOTU_16850	0	0	0	0	1016	0	0	0
vOTU_16876	602	0	0	0	0	0	0	0
vOTU_16924	0	0	0	0	0	0	590	0
vOTU_16934	1880	0	0	0	0	6	2	0
vOTU_16951	0	0	4908	0	0	0	14	0
vOTU_16960	0	0	2	2	0	6	786	0
vOTU_16964	0	0	0	774	0	0	0	0
vOTU_16971	0	0	0	530	0	0	2	0
vOTU_16975	0	0	0	0	0	0	0	3049
vOTU_17028	0	0	0	2	2576	0	0	0
vOTU_17065	0	0	0	0	1004	0	0	0
vOTU_17129	0	11536	2	0	0	18	132	0
vOTU_17144	0	0	0	0	0	0	0	3178
vOTU_17186	0	6424	0	0	0	2	2	0
vOTU_17221	0	0	0	0	758	0	0	0
vOTU_17237	0	3542	6	0	0	102	34	0
vOTU_17245	0	18212	2	0	0	2	32	16
vOTU_17256	0	0	0	0	0	0	0	580
vOTU_17260	0	0	0	0	0	0	0	1326
vOTU_17284	0	0	0	0	736	0	0	0
vOTU_17296	0	0	0	0	0	446	218	0
vOTU_17312	0	0	0	0	624	0	0	0
vOTU_17354	0	0	0	0	0	0	0	1320
vOTU_17384	0	670	0	0	0	0	2	0
vOTU_17444	0	27000	8	0	0	14	0	0
vOTU_17448	0	0	2	0	0	0	0	3546
vOTU_17457	3458	0	268	2	110	482	302	6
vOTU_17463	5402	0	22	4	0	148	26	0
vOTU_17466	0	776	0	0	0	0	0	0
vOTU_17471	0	0	0	0	644	0	0	0
vOTU_17497	2	0	106	0	0	632	172	0
vOTU_17504	0	0	0	0	0	0	2	536
vOTU_17533	0	0	0	0	0	536	206	0
vOTU_17540	0	0	0	0	0	520	0	0
vOTU_17558	352	0	0	0	0	0	0	0
vOTU_17576	0	0	0	0	0	440	0	0
vOTU_17581	1374	0	0	0	38	26	0	0
vOTU_17597	0	0	0	0	0	0	0	7954
vOTU_17635	0	0	0	0	0	0	0	728
vOTU_17665	0	0	0	0	0	496	0	0
vOTU_17690	722	0	0	0	0	0	0	0
vOTU_17702	442	0	0	0	0	0	0	0
vOTU_17758	936	0	0	0	0	54	2	0
vOTU_17797	0	2508	0	0	0	6	0	4
vOTU_17800	0	0	0	0	0	458	0	0
vOTU_17829	0	1594	0	0	0	0	0	0
vOTU_17842	2526	0	240	0	0	192	4	0
vOTU_17856	0	602	0	0	0	10	74	0
vOTU_17864	0	0	0	0	0	0	580	0
vOTU_17869	640	0	0	0	0	0	0	0
vOTU_17895	0	14302	2	0	0	18	18	20
vOTU_17933	0	0	1912	0	0	78	68	0
vOTU_17940	0	866	0	0	0	2	22	0
vOTU_17954	0	0	0	0	556	0	0	0
vOTU_17960	0	0	0	0	0	0	0	1244
vOTU_17961	2	0	0	52	474	172	44	0
vOTU_17964	0	46	0	0	2	0	4	2214
vOTU_17965	0	7181	8	0	0	20	10	0
vOTU_17984	0	4165	0	0	0	0	0	2
vOTU_17995	0	1676	0	0	0	0	0	0
vOTU_18001	420	0	0	0	0	0	0	0
vOTU_18004	0	0	976	0	0	0	6	0
vOTU_18009	0	2	0	0	0	666	0	0
vOTU_18034	0	644	4	0	0	246	116	0
vOTU_18087	0	3819	0	0	0	0	30	0
vOTU_18094	0	3178	0	0	0	0	10	0
vOTU_18109	0	1224	0	0	0	0	0	0
vOTU_18114	0	7078	2	0	0	0	10	856
vOTU_18121	460	0	0	0	0	0	0	0
vOTU_18132	78	0	0	0	0	922	10	0
vOTU_18150	0	4324	2	0	0	14	48	0
vOTU_18157	0	0	0	0	0	0	0	4596
vOTU_18193	0	8702	0	0	0	0	0	22
vOTU_18196	1656	0	0	0	0	0	12	0
vOTU_18224	494	0	0	0	0	0	0	0
vOTU_18237	0	0	0	0	0	0	676	0
vOTU_18241	0	4297	0	0	0	4	20	0
vOTU_18246	0	0	0	0	0	366	0	0
vOTU_18259	0	0	0	0	0	454	0	0
vOTU_18260	2	0	0	0	0	0	0	3604
vOTU_18282	0	570	0	0	0	10	0	0
vOTU_18292	0	0	0	0	0	0	0	2546
vOTU_18299	4004	0	72	4	0	132	40	0
vOTU_18300	0	0	1924	0	0	0	232	0
vOTU_18303	0	0	0	0	0	436	0	0
vOTU_18349	2	0	682	0	0	14	0	0
vOTU_18350	0	0	0	0	0	0	4826	0
vOTU_18351	0	0	0	60	4	0	0	1550
vOTU_18357	26	0	0	0	0	1074	0	0
vOTU_18364	6	0	0	0	0	1564	0	0
vOTU_18375	0	0	0	2	0	490	0	0
vOTU_18389	4	0	0	0	0	520	36	0
vOTU_18391	0	0	16	0	0	2376	168	0
vOTU_18397	0	1452	0	0	0	0	0	0
vOTU_18413	0	0	0	0	0	0	0	452
vOTU_18424	0	65776	12	0	0	0	0	2
vOTU_18437	498	0	0	0	0	0	0	0
vOTU_18439	4	0	1726	0	0	26	6	0
vOTU_18451	1546	0	0	28	0	10	4	4
vOTU_18465	0	0	0	0	604	0	0	0
vOTU_18532	0	2599	4	0	0	0	2	0
vOTU_18553	36	0	0	0	0	968	54	0
vOTU_18593	0	746	0	0	0	0	2	0
vOTU_18623	0	0	0	2	0	450	0	0
vOTU_18649	0	0	0	0	0	0	1098	0
vOTU_18654	0	0	0	0	0	0	0	1682
vOTU_18690	0	8012	4	0	0	44	58	0
vOTU_18700	0	0	0	0	0	0	524	0
vOTU_18702	3432	0	18	0	0	58	2	0
vOTU_18755	20	0	2	0	0	1678	14	0
vOTU_18769	0	0	0	0	0	442	0	0
vOTU_18770	0	0	4	0	0	78	1652	0
vOTU_18843	0	7336	2	0	0	58	46	2
vOTU_18862	0	0	0	0	0	0	0	2276
vOTU_18867	0	11412	2	0	0	2	34	246
vOTU_18909	0	0	0	0	0	2496	1944	0
vOTU_18915	0	0	0	0	0	444	218	0
vOTU_18956	382	0	0	0	0	0	286	6
vOTU_18974	0	0	0	0	0	558	276	0
vOTU_18991	0	11328	0	0	2	4	64	38
vOTU_18995	0	0	0	0	0	0	0	4471
vOTU_19020	0	0	0	10	1044	0	0	4
vOTU_19027	2	0	0	502	0	6	0	0
vOTU_19030	0	0	0	0	4064	0	0	64
vOTU_19045	0	0	0	0	932	0	0	0
vOTU_19050	0	504	0	0	0	4	14	0
vOTU_19086	0	0	0	2	850	0	0	0
vOTU_19103	0	0	2	4	854	0	0	0
vOTU_19121	424	0	0	0	0	0	0	0
vOTU_19125	0	0	2	0	0	0	866	0
vOTU_19132	0	0	0	0	808	0	0	0
vOTU_19148	2	0	0	0	0	490	6	0
vOTU_19156	0	3530	0	0	0	0	16	0
vOTU_19157	0	0	2038	0	0	68	58	0
vOTU_19166	0	2722	2	0	0	22	0	0
vOTU_19173	0	12788	2	0	2	0	0	0
vOTU_19207	2	0	0	0	0	0	0	3522
vOTU_19230	4	0	0	0	1692	0	0	0
vOTU_19232	1600	0	0	0	0	0	2	0
vOTU_19290	0	0	2	0	0	606	0	0
vOTU_19317	0	0	0	4	2	556	0	2
vOTU_19350	0	0	0	0	0	472	0	0
vOTU_19351	0	0	0	0	0	442	0	0
vOTU_19388	0	0	0	0	0	1134	2	0
vOTU_19438	0	0	0	0	0	0	0	970
vOTU_19442	0	0	0	0	0	410	0	0
vOTU_19490	0	0	0	0	0	0	0	920
vOTU_19491	0	0	0	0	0	0	0	6782
vOTU_19503	0	0	818	0	0	2	0	0
vOTU_19535	0	0	0	408	0	0	0	0
vOTU_19544	776	0	0	0	0	0	0	0
vOTU_19590	0	0	8	12	20	1788	90	0
vOTU_19592	0	0	0	0	0	400	0	0
vOTU_19594	0	396	0	0	0	4	12	0
vOTU_19602	0	11026	0	0	0	50	52	4
vOTU_19603	0	26972	6	0	0	2	0	0
vOTU_19622	4	0	4	16	1292	84	6	0
vOTU_19651	0	0	0	0	0	0	0	4392
vOTU_19658	0	0	6	0	0	0	980	0
vOTU_19663	44	0	0	0	0	2148	0	0
vOTU_19724	0	0	0	0	1352	0	0	8
vOTU_19739	0	0	0	0	1421	0	0	22
vOTU_19750	0	0	0	0	0	402	0	0
vOTU_19774	2260	0	320	0	0	1464	336	0
vOTU_19776	0	1070	0	0	0	4	6	0
vOTU_19797	0	0	0	0	1068	0	0	0
vOTU_19803	444	0	0	0	0	0	4	0
vOTU_19816	0	4030	0	0	0	26	22	0
vOTU_19832	0	0	0	0	638	0	0	0
vOTU_19836	0	0	0	562	0	0	0	0
vOTU_19881	38	0	8	0	2	2	0	191889
vOTU_19898	0	0	0	488	0	0	0	0
vOTU_19920	0	0	0	0	0	0	2	20896
vOTU_19923	0	0	0	786	0	0	0	0
vOTU_19975	0	0	0	542	0	0	0	0
vOTU_20016	0	18	0	0	0	0	2	604
vOTU_20079	0	0	0	0	0	0	0	964
vOTU_20144	750	0	0	0	0	12	6	0
vOTU_20154	0	8938	4	0	0	14	4	4
vOTU_20197	0	0	0	0	850	0	0	2
vOTU_20198	0	0	0	0	0	1450	0	0
vOTU_20201	0	11590	0	0	0	22	38	10
vOTU_20213	0	0	0	0	1090	0	0	0
vOTU_20250	0	4663	0	0	0	0	8	0
vOTU_20261	0	0	0	0	0	632	0	0
vOTU_20268	0	0	2	0	0	852	4	2
vOTU_20291	2752	0	286	0	0	1522	358	0
vOTU_20299	0	0	0	0	2174	0	0	0
vOTU_20329	24	4	0	4	734	2	4	22
vOTU_20355	0	0	5120	2	0	0	56	0
vOTU_20372	0	0	926	0	0	0	4	0
vOTU_20385	0	0	20	0	0	6	1542	0
vOTU_20390	0	2364	4	0	0	2	50	0
vOTU_20413	0	0	0	0	4	0	0	1540
vOTU_20416	0	0	0	0	1812	0	0	0
vOTU_20438	0	4170	0	0	0	0	2	0
vOTU_20445	876	0	0	8	8	6	86	2
vOTU_20495	12	0	1816	0	0	44	178	0
vOTU_20574	0	0	0	0	3038	0	0	0
vOTU_20598	2750	0	294	0	4	1520	310	0
vOTU_20652	0	21060	0	0	0	24	40	2
vOTU_20667	0	0	0	1778	0	0	0	0
vOTU_20678	0	1225	0	0	0	0	0	0
vOTU_20684	0	0	0	0	0	0	592	0
vOTU_20697	422	0	0	0	0	0	14	2
vOTU_20744	0	538	0	0	0	0	0	0
vOTU_20749	0	0	0	0	0	0	0	578
vOTU_20772	1064	0	2	2	24	0	0	0
vOTU_20822	0	6	0	0	0	22156	0	4
vOTU_20832	28	0	0	2	634	16	12	0
vOTU_20847	0	7500	0	2	0	0	14	4
vOTU_20849	2322	0	288	0	6	1336	306	0
vOTU_20851	0	0	0	0	0	452	48	0
vOTU_20852	0	0	0	0	0	0	0	18900
vOTU_20856	0	586	0	0	0	0	0	0
vOTU_20874	0	9724	2	0	0	0	4	0
vOTU_20889	0	0	0	0	0	0	0	1338
vOTU_20941	0	0	10	0	0	2	1910	0
vOTU_20966	3066	0	390	0	0	1600	448	0
vOTU_20984	14	0	0	0	2	0	0	77746
vOTU_21005	0	0	0	0	660	0	0	0
vOTU_21023	0	0	0	0	0	414	0	0
vOTU_21036	0	0	0	0	0	352	0	0
vOTU_21068	0	0	0	0	0	0	640	0
vOTU_21091	0	0	0	0	588	0	0	10
vOTU_21094	0	0	0	0	0	610	0	0
vOTU_21111	0	0	0	0	0	0	0	2494
vOTU_21145	0	0	0	616	0	0	0	0
vOTU_21155	0	0	0	0	0	400	0	0
vOTU_21194	0	0	0	542	0	0	0	0
vOTU_21198	0	0	0	0	0	0	634	0
vOTU_21207	0	506	0	0	0	24	0	0
vOTU_21211	0	0	0	0	870	0	0	0
vOTU_21226	0	0	0	0	0	404	294	0
vOTU_21243	2464	0	316	0	0	1434	366	0
vOTU_21255	0	2016	0	0	0	62	299	0
vOTU_21262	0	0	0	0	0	0	0	5592
vOTU_21264	0	0	532	0	0	0	26	0
vOTU_21272	398	0	2	46	4114	140	64	2
vOTU_21294	0	0	2	0	0	426	26	0
vOTU_21320	0	1224	2	0	0	0	0	0
vOTU_21335	0	0	0	0	0	0	0	2872
vOTU_21349	0	3364	6	0	0	12	28	0
vOTU_21428	0	1412	2	0	0	18	16	0
vOTU_21463	0	0	0	0	3108	0	0	0
vOTU_21528	0	2308	0	0	0	6	48	0
vOTU_21555	0	0	0	0	0	382	0	0
vOTU_21559	10	0	0	0	0	2	0	19360
vOTU_21573	0	3208	0	0	0	6	0	4
vOTU_21609	0	0	0	22	668	0	0	0
vOTU_21681	0	2762	0	0	0	4	10	0
vOTU_21684	2828	0	324	0	0	1498	470	0
vOTU_21711	0	0	0	0	940	0	0	0
vOTU_21729	0	1326	0	0	0	2	74	26
vOTU_21752	0	0	918	0	0	0	0	0
vOTU_21761	4	0	0	0	0	0	510	0
vOTU_21765	432	0	0	0	0	0	0	0
vOTU_21791	2480	0	280	0	0	228	2	0
vOTU_21813	0	0	0	0	0	0	0	552
vOTU_21820	0	0	0	0	0	0	472	0
vOTU_21845	0	0	0	414	0	0	0	0
vOTU_21848	0	0	0	0	0	350	0	0
vOTU_21895	0	0	2	0	0	706	222	0
vOTU_21902	0	0	0	328	0	0	0	0
vOTU_21954	0	0	0	0	0	428	0	0
vOTU_22006	0	0	0	382	0	0	0	0
vOTU_22021	0	0	0	0	450	0	0	0
vOTU_22047	0	0	0	0	0	808	36	0
vOTU_22057	0	0	0	546	0	0	0	0
vOTU_22075	450	0	0	0	0	0	0	0
vOTU_22086	0	92	0	2	0	1970	10	38
vOTU_22092	1146	0	0	0	0	6	4	2
vOTU_22123	0	0	1102	0	0	0	0	0
vOTU_22129	0	0	990	0	0	0	0	0
